2.678535603120199005e-01
1.038385619554678257e-01
9.399021094869774995e-02
8.963861417435013690e-02
8.707620017706890758e-02
8.580184459228955285e-02
8.474300322515884720e-02
8.367922833508542602e-02
8.194463336101882878e-02
8.142545318130946230e-02
7.992749988003765294e-02
7.893197814864880146e-02
7.852885959779515312e-02
7.832924804419202913e-02
7.816049123130490439e-02
7.690155435629818237e-02
7.563597005803870954e-02
7.556254039411350321e-02
7.453966900096524462e-02
7.354293929417725362e-02
7.226926717154509572e-02
7.032125562315097445e-02
6.960026201460976780e-02
6.735801424288079264e-02
6.639590067669863538e-02
6.489319913565655407e-02
6.321176841778827771e-02
6.162284793870528160e-02
6.079455600370226726e-02
5.981097667647139460e-02
5.815926396176028523e-02
5.712316350063399717e-02
5.685593737551318527e-02
5.466623062177387166e-02
5.536651009184015426e-02
5.367953877162445764e-02
5.264114237883511793e-02
5.177058168041431818e-02
5.177234838266506906e-02
4.994235801346161990e-02
4.956494345117713057e-02
4.929057195249116063e-02
4.821876137305403792e-02
4.776050093228859789e-02
4.648473304803566603e-02
4.744942877870386710e-02
4.631840120381711112e-02
4.559881049577537565e-02
4.564964036693048427e-02
4.423962038515321521e-02
4.382139065629228614e-02
4.412831431802581583e-02
4.290031692694367543e-02
4.279158840818173687e-02
4.258460745863292679e-02
4.149002536578708794e-02
4.138102780198654740e-02
4.042525471323896169e-02
4.083501127884363313e-02
4.004256521611262304e-02
3.989882482801709179e-02
3.963124713457911313e-02
3.980937642533608628e-02
3.889203237374420224e-02
3.803556239056160582e-02
3.825847991763630523e-02
3.846881566735942115e-02
3.808890454128117942e-02
3.660509865873914914e-02
3.651949094460748418e-02
3.656686760980606965e-02
3.574298277897450943e-02
3.655194495435413332e-02
3.592226544723791520e-02
3.569750194830815376e-02
3.670343258382414292e-02
3.448620607690585510e-02
3.446505033908902477e-02
3.398955344220103841e-02
3.449638496103036439e-02
3.407808059297711550e-02
3.324550504098310738e-02
3.327883501796771032e-02
3.362286128008457053e-02
3.305155094093678581e-02
3.280320990344752496e-02
3.326822252815489489e-02
3.203489922482491425e-02
3.241277626141562951e-02
3.165539256904436466e-02
3.075011082165076542e-02
3.121587391609273454e-02
3.142085692385578055e-02
3.071604339915620652e-02
3.095284031461114499e-02
3.013670230117600213e-02
3.048836593718632498e-02
3.066525787896360114e-02
3.021409561204940752e-02
2.958675582543053573e-02
2.937878680217754016e-02
3.015566121815415473e-02
2.899252273180448133e-02
2.952644632428960692e-02
2.938369455773507180e-02
2.815801095303214693e-02
2.791249965939222866e-02
2.759341670252630357e-02
2.856383279270833034e-02
2.842111214328452498e-02
2.797209454790862762e-02
2.727070956698159077e-02
2.675971666069896712e-02
2.752474736412772668e-02
2.690071922719783348e-02
2.713964085863984285e-02
2.707954146482450739e-02
2.653458395787059929e-02
2.668004922683129068e-02
2.586729472021922355e-02
2.590558562627838859e-02
2.629341662425519269e-02
2.553762543632093901e-02
2.666560255581765584e-02
2.540603733581045520e-02
2.538397196261093017e-02
2.601566237142628746e-02
2.538210003996444267e-02
2.518935324362171768e-02
2.458376923809423367e-02
2.546051968737026577e-02
2.442570226957730892e-02
2.434388030787258336e-02
2.472079967332008188e-02
2.360547698862717342e-02
2.460489217239572590e-02
2.426613774388799993e-02
2.467021887736094848e-02
2.340167320197653056e-02
2.347078105277570007e-02
2.369720582633524572e-02
2.317304834914024614e-02
2.355181842642214626e-02
2.341540452674069350e-02
2.365261245795223163e-02
2.282254794455321548e-02
2.230339442067743802e-02
2.345284636196730277e-02
2.310913397223138613e-02
2.240495808670282807e-02
2.294677685317404736e-02
2.265075319791998859e-02
2.171983541754048119e-02
2.243544961876042798e-02
2.191332527829329205e-02
2.181526827518744799e-02
2.152881793477727165e-02
2.167070963565269695e-02
2.173911020769487418e-02
2.147454882035856188e-02
2.142379856894693207e-02
2.158258414453328999e-02
2.163463475092140473e-02
2.070084621038888184e-02
2.212375230477441751e-02
2.102304876203198516e-02
2.096743355302706918e-02
2.062123061141089841e-02
2.025809610867515542e-02
2.035188501286308571e-02
2.018874246493706018e-02
2.031587456088617891e-02
2.045752463000052521e-02
2.037526220035598690e-02
1.993620537383400740e-02
1.985227796332458133e-02
2.065391801631130675e-02
2.061991901387034282e-02
1.921474618737197687e-02
1.976086512265150599e-02
2.031815722298896398e-02
1.990648808048280441e-02
1.965389006278094042e-02
1.886094372738581632e-02
1.889276708883550274e-02
1.952961036016035573e-02
1.912151934231257414e-02
1.878747658189528977e-02
1.930177814381964230e-02
1.910174680430718266e-02
1.913725815075056555e-02
1.837453790380598126e-02
1.909991070542417860e-02
1.939050718913297791e-02
1.833508250153506949e-02
1.874814633651615201e-02
1.826044691302587328e-02
1.791427084161421185e-02
1.827646806940931914e-02
1.800277097688992786e-02
1.794854157587603971e-02
1.776073598171896278e-02
1.895908748164125066e-02
1.826481002113779575e-02
1.752216331517833514e-02
1.768431244441844019e-02
1.713163562147589775e-02
1.880773944813577195e-02
1.726018261316868488e-02
1.776305473197603915e-02
1.748986316659032966e-02
1.777618491779203030e-02
1.703578727248379610e-02
1.758730462263993419e-02
1.740283689335407960e-02
1.747235458325165774e-02
1.746933801275918699e-02
1.703669177963757983e-02
1.752604049918672982e-02
1.672624601313220383e-02
1.682954113644635763e-02
1.642472137604146856e-02
1.733422925090774558e-02
1.636974886297951071e-02
1.638840557411884793e-02
1.667750010843319780e-02
1.699827662180833018e-02
1.693676729136339709e-02
1.655656550451160489e-02
1.678893974770212863e-02
1.634524337699651275e-02
1.603470101257038066e-02
1.690885942915211493e-02
1.635911183722336265e-02
1.619809602751679997e-02
1.582768088554406191e-02
1.601387591808653074e-02
1.613998706774105035e-02
1.576506153768514329e-02
1.560623471951469443e-02
1.687632555194446687e-02
1.659936128455735682e-02
1.545985869091489988e-02
1.556035901522240077e-02
1.566263018628520284e-02
1.542817921523014293e-02
1.609431989395709861e-02
1.594254468112726517e-02
1.517119526129473255e-02
1.621758841845157006e-02
1.507514429128612062e-02
1.511833017401378182e-02
1.494383211473903315e-02
1.501606374531222129e-02
1.487159587519095751e-02
1.535499757131957022e-02
1.616315186604895537e-02
1.482927544599832448e-02
1.568367129044078573e-02
1.551989196320933788e-02
1.469430037061957711e-02
1.446487036678949581e-02
1.495920083559382566e-02
1.463145187691501994e-02
1.568336604291673333e-02
1.503193674994932755e-02
1.424613203901006764e-02
1.506676876207675535e-02
1.502990437781109509e-02
1.481326054448209480e-02
1.473444999645814185e-02
1.503279736346524627e-02
1.466825286693432782e-02
1.475976279619938339e-02
1.397028045200021142e-02
1.462510480400165333e-02
1.426711872867915919e-02
1.436251630563565272e-02
1.656533467590504127e-02
1.382941617856702464e-02
1.397744489981390253e-02
1.402381327851196652e-02
1.522357702550604548e-02
1.385772870400982411e-02
1.383299196420042024e-02
1.398890589594917189e-02
1.611607504146330902e-02
1.354718774728610325e-02
1.334162991579688692e-02
1.356151632612090027e-02
1.436879573023075278e-02
1.394914913341364915e-02
1.407836446457583039e-02
1.372629700614439591e-02
1.372107921306358301e-02
1.400311637545943039e-02
1.389121643894011479e-02
1.447520181631950509e-02
1.366966369721438201e-02
1.345950221438008479e-02
1.304353275300596665e-02
1.396612822056731221e-02
1.375661833721505967e-02
1.422897764645955111e-02
1.326499637121053565e-02
1.324223856563153459e-02
1.361986468581821014e-02
1.328143691096235653e-02
1.304204129587735114e-02
1.342448584802086696e-02
1.342265768562588869e-02
1.318796213163667998e-02
1.331047474137504912e-02
1.375629772167757600e-02
1.395652738764234166e-02
1.237339350392522783e-02
1.235279637386503190e-02
1.354521592778851549e-02
1.352584242220501200e-02
1.331539681452848130e-02
1.340120026360615973e-02
1.260817947242494699e-02
1.337796421793034651e-02
1.309081069801164635e-02
1.346413238579050042e-02
1.252769974901167017e-02
1.258754876949598131e-02
1.362560039429027391e-02
1.318216567282634068e-02
1.235194159600207231e-02
1.282380708991109203e-02
1.244559703047013258e-02
1.323661986557419026e-02
1.227511294529108794e-02
1.271643133981682078e-02
1.249007502203935797e-02
1.259199237865407835e-02
1.295601692326995777e-02
1.303695515512734091e-02
1.273169546433345657e-02
1.205763753856082046e-02
1.182919939089080615e-02
1.250555417726716655e-02
1.303420350184221130e-02
1.227512687463742057e-02
1.205447010095695749e-02
1.347406762544913622e-02
1.344635879711421865e-02
1.205358410115970648e-02
1.179036695886489031e-02
1.166140778309396504e-02
1.214354515047100756e-02
1.202706815889271856e-02
1.256836928389109057e-02
1.233466008387486962e-02
1.354828966862481505e-02
1.151667581513867063e-02
1.148177207449970275e-02
1.173288978474295620e-02
1.331225124514087699e-02
1.228426844882004633e-02
1.222782749253923003e-02
1.195810224784685759e-02
1.215002680783305346e-02
1.250481747014595656e-02
1.321601980577801795e-02
1.112457384567355247e-02
1.129662050910846573e-02
1.274356746431582962e-02
1.183984869533716289e-02
1.169525345792169803e-02
1.168377476903940948e-02
1.406628460816257767e-02
1.174013593884380355e-02
1.091229638723118303e-02
1.110966230892693023e-02
1.206062825949257532e-02
1.223092084116947885e-02
1.159770608477084762e-02
1.317712058649038800e-02
1.129696799723236070e-02
1.085281455794068206e-02
1.099975696286124675e-02
1.152458740755572635e-02
1.170498164861327219e-02
1.355339100827341464e-02
1.112518230657976934e-02
1.141680714428958306e-02
1.123308081684819791e-02
1.102598901371211991e-02
1.207351153406798112e-02
1.208164865898964102e-02
1.213106344623105307e-02
1.090574027289210012e-02
1.167028562149123420e-02
1.080433938585583821e-02
1.125790008708186726e-02
1.199115503250676104e-02
1.288401460051155460e-02
1.069432933150273740e-02
1.053530933059123112e-02
1.159842264221604829e-02
1.106448357453202955e-02
1.230692000502286998e-02
1.155277716276971803e-02
1.083826444461903626e-02
1.095161737655015594e-02
1.227984730811680116e-02
1.167764429889066834e-02
1.240121158044737645e-02
1.022491205836196029e-02
1.057980307008680489e-02
1.084656165460186512e-02
1.074519999029919896e-02
1.250459140647783990e-02
1.126492996473827703e-02
1.053239920479066838e-02
1.060503019291497880e-02
1.050987866376062140e-02
1.103370613358971991e-02
1.182515458549227537e-02
1.154634748916606203e-02
1.103603677905124099e-02
1.035592259715318458e-02
1.048487123540219057e-02
1.175065957429006526e-02
1.064000098163362003e-02
1.035169791430234909e-02
1.137717011148857947e-02
1.053362358432939627e-02
1.043604382925935985e-02
1.104142040471591674e-02
1.027329817838261786e-02
1.195928736892350186e-02
1.133225795329379296e-02
9.839969040478206350e-03
1.064734888689406779e-02
1.111733775509668974e-02
1.035121907396694546e-02
1.082589339745966897e-02
1.040852730831755453e-02
1.107835726421850346e-02
1.064383802706818719e-02
1.021705547709713530e-02
1.100436178371881971e-02
1.126167337503045963e-02
1.110454526898996611e-02
1.009014955795634397e-02
9.777042032231378701e-03
1.009034695189512873e-02
1.180743176223295748e-02
1.145908007483996058e-02
1.081403367021275923e-02
9.791584147135620406e-03
9.358656575993808124e-03
1.171222485392294822e-02
1.098911908319424868e-02
1.060129335993314874e-02
9.380471411511263902e-03
9.721997971682216910e-03
1.028282242372174742e-02
1.154902376844297619e-02
1.040056290800499793e-02
9.766234582780725093e-03
1.083624609710310410e-02
1.109290793609550574e-02
1.044267377532694628e-02
9.654447996079007499e-03
9.509086789911054896e-03
1.152958569314588115e-02
9.931324558365909119e-03
9.843862895398874935e-03
9.388899736706634094e-03
1.104134637409883053e-02
1.229597878692400073e-02
9.419570847288193105e-03
9.753751487511655785e-03
1.077378292322692284e-02
9.808100258593287560e-03
9.228150868821708222e-03
1.161967459684976230e-02
1.122509776031041170e-02
9.261443909695920434e-03
9.185159332392847653e-03
9.698807815675768509e-03
1.084852257810170993e-02
1.034308074975905448e-02
8.981059398263921412e-03
9.328962000005918548e-03
1.034906947666116954e-02
1.065420309591399994e-02
9.923109091589671013e-03
1.009910064451682334e-02
1.112193099516050818e-02
9.400976135793244828e-03
9.657448867474065571e-03
9.505710476423468933e-03
9.296927059216954226e-03
1.320023332839198073e-02
9.313248184835896254e-03
8.782655367499116530e-03
9.267641467225673155e-03
9.742886048343861113e-03
1.122638051186109452e-02
1.083016421174263708e-02
9.211630509246874002e-03
9.025863926771961546e-03
9.788482828670754671e-03
9.386033908275843649e-03
1.097400689407077891e-02
9.370872052981878142e-03
1.100572604266807607e-02
1.057456236789979659e-02
8.847218245039206383e-03
8.957999783432316759e-03
9.763654234492793321e-03
1.016399972950634764e-02
9.371221889658352955e-03
9.146946390657245685e-03
1.078285021192925373e-02
9.689518392247997366e-03
9.963251424052983057e-03
9.428847063085079444e-03
9.280703920165977658e-03
9.599791970723272477e-03
1.048852203894987817e-02
1.005591796187069349e-02
8.820768692256772403e-03
1.005493234390454800e-02
8.657828048395608059e-03
9.052330381510889645e-03
1.065517023987020036e-02
9.384812023776495718e-03
9.397186168595729472e-03
1.002355151073745093e-02
1.301477700257507204e-02
8.985092310839905977e-03
8.180806989712482644e-03
8.548968882464310498e-03
8.877154287246181649e-03
9.989680503221118335e-03
1.051628140999418676e-02
8.783770638191714525e-03
8.809236625014135735e-03
9.938224670155655638e-03
9.772414330850400996e-03
1.016584007412462028e-02
8.821994761752960726e-03
8.813075493792515633e-03
1.274920696788050568e-02
9.004941205386919958e-03
7.805886122224200106e-03
9.244815694153918351e-03
1.024019460805960895e-02
8.773753878034060844e-03
8.374647380274427219e-03
9.659498632240021490e-03
9.914636775098569638e-03
8.633354796654047619e-03
9.836085451542950220e-03
9.091987941518921146e-03
9.090991201274611216e-03
9.720395781252237979e-03
9.728296834956426040e-03
8.361921240778072417e-03
8.409316128696246381e-03
9.872773525250308144e-03
1.256040670573139659e-02
8.511008310091236137e-03
7.956295399247761968e-03
9.005420221982862738e-03
9.631765276298422107e-03
9.188161672228741667e-03
8.734398684643037564e-03
1.164014882805859685e-02
8.660504563480539431e-03
8.189975548430782071e-03
8.741778085756180330e-03
8.643327896599954999e-03
9.017014261478047826e-03
1.117066060886015740e-02
8.683737356673040461e-03
8.861127209461406445e-03
8.585570002560648575e-03
8.227219852759405649e-03
1.028238541787237711e-02
8.708962471560215135e-03
8.673854486640457037e-03
9.406916293389428613e-03
9.634673599001315411e-03
9.247203430165643404e-03
7.782509845807729365e-03
9.869355426105621068e-03
8.309058355562903148e-03
8.569011688613525218e-03
1.073481065942846237e-02
9.300963692319438522e-03
8.664700116895501097e-03
8.525245146506734567e-03
1.065210235850585357e-02
8.099809890408116511e-03
7.707088015011280373e-03
9.153364210739693696e-03
8.883353847953136609e-03
1.119094651640223717e-02
9.187426770587101346e-03
7.616159538297777830e-03
8.028327916150965887e-03
8.173386737837663729e-03
8.072915296439471880e-03
1.126467322816362450e-02
1.365444124640558671e-02
7.570318077378870164e-03
7.073601201662550915e-03
7.650385927551847827e-03
8.759979667175380250e-03
1.094930367949216270e-02
8.722257083448608020e-03
8.125002158905767977e-03
7.953317339301033129e-03
8.306859845957716842e-03
9.770261395312940939e-03
1.152996324441012133e-02
7.881960296846183406e-03
7.471550425128711294e-03
8.467227829110515400e-03
1.073454787878467230e-02
7.887292924858724935e-03
8.734465467140954675e-03
9.949241145549680976e-03
8.551428866241593887e-03
8.299711723680920292e-03
7.784368845460284091e-03
8.649600740007656191e-03
8.086361679369989328e-03
8.813435893000848287e-03
1.074852043157800696e-02
9.014514614315823418e-03
7.521311815618477413e-03
7.600637959063891169e-03
9.869259753552695955e-03
9.731852880600468450e-03
7.387096767344743416e-03
8.938838559848344065e-03
9.119979061824661989e-03
8.094442771304674947e-03
9.321393898885954252e-03
9.083294246555365103e-03
7.815540644347362953e-03
8.375612855710260624e-03
8.693658195369307479e-03
8.573034731790309115e-03
8.133336774233128688e-03
8.385229856966783246e-03
8.686776835080759970e-03
9.638848807424535425e-03
8.661653746462539410e-03
7.817895797169422539e-03
7.718064855603153605e-03
8.176445189263205002e-03
8.757808993634817393e-03
9.785507108939960064e-03
7.698984134256306455e-03
8.464313134827348289e-03
7.917697110291941828e-03
8.043795623971373987e-03
9.215811778412526245e-03
8.575505619901982804e-03
8.156914802272910783e-03
9.265913281475414778e-03
7.753914889053005466e-03
7.821241480624661208e-03
8.663534180825705616e-03
7.711811355598594681e-03
9.863073411195175111e-03
9.270765224371648253e-03
7.218285214841899111e-03
7.244434981795070706e-03
7.793948360387702515e-03
9.456971275579669975e-03
1.014178585203940990e-02
7.148223151417111045e-03
7.238851425468997847e-03
8.301244697312032059e-03
1.035366017404762765e-02
8.380706740014464556e-03
7.146828046873630880e-03
7.247736553668671089e-03
8.165725092391681525e-03
8.867359502226723755e-03
8.823717149960644615e-03
9.533782052519300734e-03
8.055817051207088755e-03
7.133843805974401757e-03
1.070930434109838500e-02
8.775301350285405824e-03
6.656442136477555213e-03
7.755065838213238624e-03
8.090188236111569425e-03
8.256592019639737851e-03
8.328274980930567770e-03
9.853829711894778950e-03
8.267302687763405933e-03
7.686258497340676087e-03
6.860600416417545963e-03
8.149254133405588532e-03
1.033012211665777953e-02
8.544855660585033361e-03
6.919673921497505355e-03
7.192674586001564577e-03
8.377731389478039470e-03
1.163729944306871218e-02
7.343668039278377670e-03
6.723076062243612747e-03
7.084899190146371276e-03
8.259645746568280641e-03
7.621412390552442101e-03
1.211167159287825958e-02
8.744865266458533293e-03
6.682562436956121857e-03
6.626038664423138796e-03
7.668048354184916864e-03
8.444628962899184896e-03
1.249908756755311462e-02
6.924120519939057708e-03
6.531621023412327240e-03
6.905845737994631417e-03
7.051883516666452786e-03
9.044446729962020773e-03
1.018190185022552381e-02
9.381829888400290349e-03
6.737073149789324714e-03
6.697461678339239853e-03
7.626315192950656151e-03
8.615823370902359057e-03
1.055710152615709635e-02
7.101908466681038090e-03
6.783935320003867640e-03
6.888329272951616497e-03
8.481682221050305601e-03
1.171200028013276093e-02
8.290786397359941468e-03
6.482845523616160947e-03
6.568977101932248382e-03
8.778996251123336383e-03
7.736816593800740875e-03
7.250739194814810953e-03
9.635734839884139633e-03
9.307231450372415588e-03
6.658795384971229712e-03
6.569538482219514086e-03
8.150488670553316869e-03
8.303749466748416852e-03
7.975675409797893314e-03
8.528684331413806038e-03
7.218716221878214608e-03
6.729843247386500284e-03
8.917619557598668520e-03
9.377129034132070107e-03
6.941460574384007362e-03
7.054070814672257564e-03
7.748301251722342596e-03
9.656029135284139794e-03
8.506876159259272457e-03
6.698514270546186179e-03
7.198827816387805105e-03
7.635511017268728322e-03
9.073949357032623508e-03
7.326747517070501640e-03
7.431474391637784248e-03
8.914143237692620167e-03
7.071787722484992357e-03
7.012325327109802595e-03
1.022192269749463110e-02
9.512523365447589016e-03
6.291311304501789187e-03
6.217587115171620618e-03
6.737095296687787421e-03
7.686249721233192125e-03
9.658741013235067757e-03
9.104093552216925567e-03
8.063287367029568775e-03
6.793784367068267903e-03
6.823997409857066737e-03
8.457400173882542380e-03
1.082074169136221752e-02
6.982421447687289090e-03
6.203217740358827649e-03
7.242398042365184863e-03
8.666209637156457174e-03
7.627440635543649913e-03
7.270188650826130312e-03
6.932089604256327052e-03
8.413208053087638597e-03
9.432951112270659966e-03
6.636432543530336459e-03
6.649607771059588661e-03
6.845566483400285923e-03
9.109727792975389968e-03
8.225600853267000037e-03
7.078131521477952492e-03
6.881702114897005930e-03
9.120853583249823385e-03
7.794854433640190094e-03
6.336899617177140995e-03
6.651456433269755178e-03
8.623956206023616899e-03
7.878329704903885150e-03
1.040498611619672213e-02
6.433182148277150070e-03
6.532163748665309987e-03
6.767132697041000795e-03
7.883000113736942857e-03
9.802271438109905546e-03
7.071520119686336772e-03
6.428945077168742896e-03
6.759792131602840315e-03
9.631239749548379733e-03
9.093266105531808141e-03
6.583607964017583643e-03
6.696481892453206609e-03
8.861432572507568078e-03
7.508259189203191075e-03
6.289491221508787359e-03
7.552865847392612429e-03
8.020496854553823760e-03
8.524007591492761132e-03
6.412492405213510854e-03
6.856187492075479020e-03
8.269018910425094196e-03
7.882263656715146269e-03
7.407911259995397270e-03
6.739695139629456842e-03
7.194067327701069575e-03
7.959589761112580500e-03
7.535991835338837729e-03
7.243839275958897407e-03
7.377052548653482283e-03
7.486018015171789705e-03
7.848886711060848453e-03
7.052165017846752718e-03
8.480803035866573900e-03
7.082425596197243316e-03
6.464493108432159060e-03
6.885978917274481262e-03
8.226665399034919016e-03
6.942755647499085705e-03
1.187367832450115200e-02
7.305424168582081920e-03
5.890153761705397943e-03
6.148508217547784052e-03
6.560824740001612761e-03
7.528617630338729598e-03
1.174627563289707202e-02
6.322169153596205078e-03
5.871141103127271339e-03
7.153745503653117024e-03
9.445935702118117908e-03
6.460856716565387819e-03
6.201663914391451933e-03
6.780408469297925962e-03
9.011097390519078043e-03
9.583218865182317400e-03
6.095167909227216380e-03
5.977284781339451715e-03
6.330075239062385450e-03
1.095329232447211400e-02
8.666123939997247977e-03
5.956461023101035542e-03
5.868043502807007705e-03
6.468552882876009089e-03
7.001245982678192849e-03
1.152831296343594623e-02
6.903147881093156003e-03
5.849628279323849586e-03
6.254342462048124995e-03
8.056644892172358519e-03
7.114683482748315399e-03
6.484657169922310171e-03
6.620877065107493020e-03
9.415208340605812215e-03
6.681505683571328791e-03
6.185559856007470832e-03
7.127578682301904077e-03
1.221151384727462395e-02
6.031378264041127070e-03
5.769043315268691102e-03
6.117072052863018958e-03
6.817255136997575106e-03
1.118683792493494270e-02
6.501922293392289019e-03
5.709579838511278857e-03
6.078217959846071890e-03
7.911068456404653920e-03
8.212591747722357977e-03
6.625312022016862680e-03
6.112237601443325230e-03
8.261269986238854376e-03
1.053959074551644517e-02
6.281603313506106678e-03
5.706042796849747356e-03
6.132836890695116637e-03
7.481366848511159483e-03
1.160919591022269506e-02
6.606737622167067545e-03
5.585838274796829477e-03
6.264199823131570526e-03
7.001388311872015942e-03
8.096327826552226353e-03
7.620266580339664017e-03
6.228427930265817425e-03
6.066754954578854921e-03
7.326587883379224661e-03
1.051189311568046479e-02
7.953105545590829703e-03
5.803371701017975316e-03
5.626007790684395271e-03
6.503082324734048118e-03
9.640586929267171493e-03
6.784850452809840227e-03
5.879569300891036333e-03
6.558178027239068217e-03
1.064136935769558791e-02
6.793420612954956424e-03
5.637380213517209984e-03
5.847072985042315110e-03
6.552528998459619843e-03
1.001253164828280924e-02
8.025717975147773214e-03
5.806745049041097881e-03
6.987839615653695588e-03
6.128708734308057141e-03
6.163716679462767807e-03
7.165406892538223049e-03
1.233772383859890742e-02
7.338459224766477433e-03
5.397239384358115503e-03
5.560179339850421405e-03
6.374300540903645070e-03
7.031695599265187085e-03
8.327837745227929106e-03
8.234186835177337987e-03
5.876695719378454731e-03
6.168279663452407198e-03
6.826587244058432598e-03
1.032400552107168822e-02
6.392144669523781679e-03
5.593759309062186665e-03
5.866442787963563679e-03
7.942244572483974502e-03
8.205726674860318662e-03
6.145473781620602698e-03
5.804403936323683164e-03
6.878055134297484698e-03
1.144275642559885141e-02
6.660851846446695472e-03
5.408955072207600155e-03
5.837681400768287426e-03
6.377249322545803199e-03
6.902363880173019439e-03
7.034959784849448804e-03
1.107007417413394083e-02
7.332199111418879513e-03
5.722230437266475657e-03
5.463918186295444249e-03
5.885557092897727299e-03
9.653527980379741219e-03
8.166307170191764581e-03
5.606652681699113121e-03
5.719070394268578432e-03
6.089166846469311334e-03
1.050774478103460620e-02
6.803573472449160782e-03
5.748249946490806284e-03
5.874236872958024137e-03
6.413839738387281178e-03
1.019347227557236037e-02
7.688411760389271543e-03
6.751613098356272838e-03
5.708497348705978032e-03
6.769440123749435011e-03
6.773406532509704779e-03
6.297442156945347660e-03
6.307609787787241303e-03
1.043543220400009949e-02
5.734362812174479372e-03
5.636083903005513311e-03
5.856006846898961955e-03
1.026516979622185341e-02
6.993298228267970720e-03
5.492910540298275024e-03
6.099798501042834852e-03
8.793659476072662740e-03
5.983290959225819917e-03
6.117607091727387571e-03
6.690158233608660063e-03
6.423279760962785460e-03
6.882508904637430792e-03
9.814991259618717490e-03
7.374419549675396458e-03
