2.678535603120199005e-01
1.038385619554678257e-01
9.399021094869774995e-02
8.963861417435013690e-02
8.707620017706890758e-02
8.580184459228955285e-02
8.474300322515884720e-02
8.367922833508542602e-02
8.194463336101882878e-02
8.142545318130946230e-02
7.992749988003765294e-02
7.893197814864880146e-02
7.852885959779515312e-02
7.832924804419202913e-02
7.816049123130490439e-02
7.690155435629818237e-02
7.563597005803870954e-02
7.556254039411350321e-02
7.453966900096524462e-02
7.354293929417725362e-02
7.226926717154509572e-02
7.032125562315097445e-02
6.960026201460976780e-02
6.735801424288079264e-02
6.639590067669863538e-02
6.489319913565655407e-02
6.321176841778827771e-02
6.162284793870528160e-02
6.079455600370226726e-02
5.981097667647139460e-02
5.815926396176028523e-02
5.712316350063399717e-02
5.685593737551318527e-02
5.466623062177387166e-02
5.536651009184015426e-02
5.367953877162445764e-02
5.264114237883511793e-02
5.177058168041431818e-02
5.177234838266506906e-02
4.994235801346161990e-02
4.956494345117713057e-02
4.929057195249116063e-02
4.821876137305403792e-02
4.776050093228859789e-02
4.648473304803566603e-02
4.744942877870386710e-02
4.631840120381711112e-02
4.559881049577537565e-02
4.564964036693048427e-02
4.423962038515321521e-02
4.382139065629228614e-02
4.412831431802581583e-02
4.290031692694367543e-02
4.279158840818173687e-02
4.258460745863292679e-02
4.149002536578708794e-02
4.138102780198654740e-02
4.042525471323896169e-02
4.083501127884363313e-02
4.004256521611262304e-02
3.989882482801709179e-02
3.963124713457911313e-02
3.980937642533608628e-02
3.889203237374420224e-02
3.803556239056160582e-02
3.825847991763630523e-02
3.846881566735942115e-02
3.808890454128117942e-02
3.660509865873914914e-02
3.651949094460748418e-02
3.656686760980606965e-02
3.574298277897450943e-02
3.655194495435413332e-02
3.592226544723791520e-02
3.569750194830815376e-02
3.670343258382414292e-02
3.448620607690585510e-02
3.446505033908902477e-02
3.398955344220103841e-02
3.449638496103036439e-02
3.407808059297711550e-02
3.324550504098310738e-02
3.327883501796771032e-02
3.362286128008457053e-02
3.305155094093678581e-02
3.280320990344752496e-02
3.326822252815489489e-02
3.203489922482491425e-02
3.241277626141562951e-02
3.165539256904436466e-02
3.075011082165076542e-02
3.121587391609273454e-02
3.142085692385578055e-02
3.071604339915620652e-02
3.095284031461114499e-02
3.013670230117600213e-02
3.048836593718632498e-02
3.066525787896360114e-02
3.021409561204940752e-02
2.958675582543053573e-02
2.937878680217754016e-02
3.015566121815415473e-02
2.899252273180448133e-02
2.952644632428960692e-02
2.938369455773507180e-02
2.815801095303214693e-02
2.791249965939222866e-02
2.759341670252630357e-02
2.856383279270833034e-02
2.842111214328452498e-02
2.797209454790862762e-02
2.727070956698159077e-02
2.675971666069896712e-02
2.752474736412772668e-02
2.690071922719783348e-02
2.713964085863984285e-02
2.707954146482450739e-02
2.653458395787059929e-02
2.668004922683129068e-02
2.586729472021922355e-02
2.590558562627838859e-02
2.629341662425519269e-02
2.553762543632093901e-02
2.666560255581765584e-02
2.540603733581045520e-02
2.538397196261093017e-02
2.601566237142628746e-02
2.538210003996444267e-02
2.518935324362171768e-02
2.458376923809423367e-02
2.546051968737026577e-02
2.442570226957730892e-02
2.434388030787258336e-02
2.472079967332008188e-02
2.360547698862717342e-02
2.460489217239572590e-02
2.426613774388799993e-02
2.467021887736094848e-02
2.340167320197653056e-02
2.347078105277570007e-02
2.369720582633524572e-02
2.317304834914024614e-02
2.355181842642214626e-02
2.341540452674069350e-02
2.365261245795223163e-02
2.282254794455321548e-02
2.230339442067743802e-02
2.345284636196730277e-02
2.310913397223138613e-02
2.240495808670282807e-02
2.294677685317404736e-02
2.265075319791998859e-02
2.171983541754048119e-02
2.243544961876042798e-02
2.191332527829329205e-02
2.181526827518744799e-02
2.152881793477727165e-02
2.167070963565269695e-02
2.173911020769487418e-02
2.147454882035856188e-02
2.142379856894693207e-02
2.158258414453328999e-02
2.163463475092140473e-02
2.070084621038888184e-02
2.212375230477441751e-02
2.102304876203198516e-02
2.096743355302706918e-02
2.062123061141089841e-02
2.025809610867515542e-02
2.035188501286308571e-02
2.018874246493706018e-02
2.031587456088617891e-02
2.045752463000052521e-02
2.037526220035598690e-02
1.993620537383400740e-02
1.985227796332458133e-02
2.065391801631130675e-02
2.061991901387034282e-02
1.921474618737197687e-02
1.976086512265150599e-02
2.031815722298896398e-02
1.990648808048280441e-02
1.965389006278094042e-02
1.886094372738581632e-02
1.889276708883550274e-02
1.952961036016035573e-02
1.912151934231257414e-02
1.878747658189528977e-02
1.930177814381964230e-02
1.910174680430718266e-02
1.913725815075056555e-02
1.837453790380598126e-02
1.909991070542417860e-02
1.939050718913297791e-02
1.833508250153506949e-02
1.874814633651615201e-02
1.826044691302587328e-02
1.791427084161421185e-02
1.827646806940931914e-02
1.800277097688992786e-02
1.794854157587603971e-02
1.776073598171896278e-02
1.895908748164125066e-02
1.826481002113779575e-02
1.752216331517833514e-02
1.768431244441844019e-02
1.713163562147589775e-02
1.880773944813577195e-02
1.726018261316868488e-02
1.776305473197603915e-02
1.748986316659032966e-02
1.777618491779203030e-02
1.703578727248379610e-02
1.758730462263993419e-02
1.740283689335407960e-02
1.747235458325165774e-02
1.746933801275918699e-02
1.703669177963757983e-02
1.752604049918672982e-02
1.672624601313220383e-02
1.682954113644635763e-02
1.642472137604146856e-02
1.733422925090774558e-02
1.636974886297951071e-02
1.638840557411884793e-02
1.667750010843319780e-02
1.699827662180833018e-02
1.693676729136339709e-02
1.655656550451160489e-02
1.678893974770212863e-02
1.634524337699651275e-02
1.603470101257038066e-02
1.690885942915211493e-02
1.635911183722336265e-02
1.619809602751679997e-02
1.582768088554406191e-02
1.601387591808653074e-02
1.613998706774105035e-02
1.576506153768514329e-02
1.560623471951469443e-02
1.687632555194446687e-02
1.659936128455735682e-02
1.545985869091489988e-02
1.556035901522240077e-02
1.566263018628520284e-02
1.542817921523014293e-02
1.609431989395709861e-02
1.594254468112726517e-02
1.517119526129473255e-02
1.621758841845157006e-02
1.507514429128612062e-02
1.511833017401378182e-02
1.494383211473903315e-02
1.501606374531222129e-02
1.487159587519095751e-02
1.535499757131957022e-02
1.616315186604895537e-02
1.482927544599832448e-02
1.568367129044078573e-02
1.551989196320933788e-02
1.469430037061957711e-02
1.446487036678949581e-02
1.495920083559382566e-02
1.463145187691501994e-02
1.568336604291673333e-02
1.503193674994932755e-02
1.424613203901006764e-02
1.506676876207675535e-02
1.502990437781109509e-02
1.481326054448209480e-02
1.473444999645814185e-02
1.503279736346524627e-02
1.466825286693432782e-02
1.475976279619938339e-02
1.397028045200021142e-02
1.462510480400165333e-02
1.426711872867915919e-02
1.436251630563565272e-02
1.656533467590504127e-02
1.382941617856702464e-02
1.397744489981390253e-02
1.402381327851196652e-02
1.522357702550604548e-02
1.385772870400982411e-02
1.383299196420042024e-02
1.398890589594917189e-02
1.611607504146330902e-02
1.354718774728610325e-02
1.334162991579688692e-02
1.356151632612090027e-02
1.436879573023075278e-02
1.394914913341364915e-02
1.407836446457583039e-02
1.372629700614439591e-02
1.372107921306358301e-02
1.400311637545943039e-02
1.389121643894011479e-02
1.447520181631950509e-02
1.366966369721438201e-02
1.345950221438008479e-02
1.304353275300596665e-02
1.396612822056731221e-02
1.375661833721505967e-02
1.422897764645955111e-02
1.326499637121053565e-02
1.324223856563153459e-02
1.361986468581821014e-02
1.328143691096235653e-02
1.304204129587735114e-02
1.342448584802086696e-02
1.342265768562588869e-02
1.318796213163667998e-02
1.331047474137504912e-02
1.375629772167757600e-02
1.395652738764234166e-02
1.237339350392522783e-02
1.235279637386503190e-02
1.354521592778851549e-02
1.352584242220501200e-02
1.331539681452848130e-02
1.340120026360615973e-02
1.260817947242494699e-02
1.337796421793034651e-02
1.309081069801164635e-02
1.346413238579050042e-02
1.252769974901167017e-02
1.258754876949598131e-02
1.362560039429027391e-02
1.318216567282634068e-02
1.235194159600207231e-02
1.282380708991109203e-02
1.244559703047013258e-02
1.323661986557419026e-02
1.227511294529108794e-02
1.271643133981682078e-02
1.249007502203935797e-02
1.259199237865407835e-02
1.295601692326995777e-02
1.303695515512734091e-02
1.273169546433345657e-02
1.205763753856082046e-02
1.182919939089080615e-02
1.250555417726716655e-02
1.303420350184221130e-02
1.227512687463742057e-02
1.205447010095695749e-02
1.347406762544913622e-02
1.344635879711421865e-02
1.205358410115970648e-02
1.179036695886489031e-02
1.166140778309396504e-02
1.214354515047100756e-02
1.202706815889271856e-02
1.256836928389109057e-02
1.233466008387486962e-02
1.354828966862481505e-02
1.151667581513867063e-02
1.148177207449970275e-02
1.173288978474295620e-02
1.331225124514087699e-02
1.228426844882004633e-02
1.222782749253923003e-02
1.195810224784685759e-02
1.215002680783305346e-02
1.250481747014595656e-02
1.321601980577801795e-02
1.112457384567355247e-02
1.129662050910846573e-02
1.274356746431582962e-02
1.183984869533716289e-02
1.169525345792169803e-02
1.168377476903940948e-02
1.406628460816257767e-02
1.174013593884380355e-02
1.091229638723118303e-02
1.110966230892693023e-02
1.206062825949257532e-02
1.223092084116947885e-02
1.159770608477084762e-02
1.317712058649038800e-02
1.129696799723236070e-02
1.085281455794068206e-02
1.099975696286124675e-02
1.152458740755572635e-02
1.170498164861327219e-02
1.355339100827341464e-02
1.112518230657976934e-02
1.141680714428958306e-02
1.123308081684819791e-02
1.102598901371211991e-02
1.207351153406798112e-02
1.208164865898964102e-02
1.213106344623105307e-02
1.090574027289210012e-02
1.167028562149123420e-02
1.080433938585583821e-02
1.125790008708186726e-02
1.199115503250676104e-02
1.288401460051155460e-02
1.069432933150273740e-02
1.053530933059123112e-02
1.159842264221604829e-02
1.106448357453202955e-02
1.230692000502286998e-02
1.155277716276971803e-02
1.083826444461903626e-02
1.095161737655015594e-02
1.227984730811680116e-02
1.167764429889066834e-02
1.240121158044737645e-02
1.022491205836196029e-02
1.057980307008680489e-02
1.084656165460186512e-02
1.074519999029919896e-02
1.250459140647783990e-02
1.126492996473827703e-02
1.053239920479066838e-02
1.060503019291497880e-02
1.050987866376062140e-02
1.103370613358971991e-02
1.182515458549227537e-02
1.154634748916606203e-02
1.103603677905124099e-02
1.035592259715318458e-02
1.048487123540219057e-02
1.175065957429006526e-02
1.064000098163362003e-02
1.035169791430234909e-02
1.137717011148857947e-02
1.053362358432939627e-02
1.043604382925935985e-02
1.104142040471591674e-02
1.027329817838261786e-02
1.195928736892350186e-02
1.133225795329379296e-02
9.839969040478206350e-03
1.064734888689406779e-02
1.111733775509668974e-02
1.035121907396694546e-02
1.082589339745966897e-02
1.040852730831755453e-02
1.107835726421850346e-02
1.064383802706818719e-02
1.021705547709713530e-02
1.100436178371881971e-02
1.126167337503045963e-02
1.110454526898996611e-02
1.009014955795634397e-02
9.777042032231378701e-03
1.009034695189512873e-02
1.180743176223295748e-02
1.145908007483996058e-02
1.081403367021275923e-02
9.791584147135620406e-03
9.358656575993808124e-03
1.171222485392294822e-02
1.098911908319424868e-02
1.060129335993314874e-02
9.380471411511263902e-03
9.721997971682216910e-03
1.028282242372174742e-02
1.154902376844297619e-02
1.040056290800499793e-02
9.766234582780725093e-03
1.083624609710310410e-02
1.109290793609550574e-02
1.044267377532694628e-02
9.654447996079007499e-03
9.509086789911054896e-03
1.152958569314588115e-02
9.931324558365909119e-03
9.843862895398874935e-03
9.388899736706634094e-03
1.104134637409883053e-02
1.229597878692400073e-02
9.419570847288193105e-03
9.753751487511655785e-03
1.077378292322692284e-02
9.808100258593287560e-03
9.228150868821708222e-03
1.161967459684976230e-02
1.122509776031041170e-02
9.261443909695920434e-03
9.185159332392847653e-03
9.698807815675768509e-03
1.084852257810170993e-02
1.034308074975905448e-02
8.981059398263921412e-03
9.328962000005918548e-03
1.034906947666116954e-02
1.065420309591399994e-02
9.923109091589671013e-03
1.009910064451682334e-02
1.112193099516050818e-02
9.400976135793244828e-03
9.657448867474065571e-03
9.505710476423468933e-03
9.296927059216954226e-03
1.320023332839198073e-02
9.313248184835896254e-03
